1 11 2
2 12 3
3 13 4
4 14 5
5 15 6
6 16 7
7 17 8
8 18 9
9 19 10
11 21 12
12 22 13
13 23 14
14 24 15
15 25 16
16 26 17
17 27 18
18 28 19
19 29 20
21 31 22
22 32 23
23 33 24
24 34 25
25 35 26
26 36 27
27 37 28
28 38 29
29 39 30
31 41 32
32 42 33
33 43 34
34 44 35
35 45 36
36 46 37
37 47 38
38 48 39
39 49 40
41 51 42
42 52 43
43 53 44
44 54 45
45 55 46
46 56 47
47 57 48
48 58 49
49 59 50
51 61 52
52 62 53
53 63 54
54 64 55
55 65 56
56 66 57
57 67 58
58 68 59
59 69 60
61 71 62
62 72 63
63 73 64
64 74 65
65 75 66
66 76 67
67 77 68
68 78 69
69 79 70
71 81 72
72 82 73
73 83 74
74 84 75
75 85 76
76 86 77
77 87 78
78 88 79
79 89 80
81 91 82
82 92 83
83 93 84
84 94 85
85 95 86
86 96 87
87 97 88
88 98 89
89 99 90
12 2 11
13 3 12
14 4 13
15 5 14
16 6 15
17 7 16
18 8 17
19 9 18
20 10 19
22 12 21
23 13 22
24 14 23
25 15 24
26 16 25
27 17 26
28 18 27
29 19 28
30 20 29
32 22 31
33 23 32
34 24 33
35 25 34
36 26 35
37 27 36
38 28 37
39 29 38
40 30 39
42 32 41
43 33 42
44 34 43
45 35 44
46 36 45
47 37 46
48 38 47
49 39 48
50 40 49
52 42 51
53 43 52
54 44 53
55 45 54
56 46 55
57 47 56
58 48 57
59 49 58
60 50 59
62 52 61
63 53 62
64 54 63
65 55 64
66 56 65
67 57 66
68 58 67
69 59 68
70 60 69
72 62 71
73 63 72
74 64 73
75 65 74
76 66 75
77 67 76
78 68 77
79 69 78
80 70 79
82 72 81
83 73 82
84 74 83
85 75 84
86 76 85
87 77 86
88 78 87
89 79 88
90 80 89
92 82 91
93 83 92
94 84 93
95 85 94
96 86 95
97 87 96
98 88 97
99 89 98
100 90 99
