1 9 2
2 10 3
3 11 4
4 12 5
5 13 6
6 14 7
7 15 8
9 17 10
10 18 11
11 19 12
12 20 13
13 21 14
14 22 15
15 23 16
17 25 18
18 26 19
19 27 20
20 28 21
21 29 22
22 30 23
23 31 24
25 33 26
26 34 27
27 35 28
28 36 29
29 37 30
30 38 31
31 39 32
33 41 34
34 42 35
35 43 36
36 44 37
37 45 38
38 46 39
39 47 40
41 49 42
42 50 43
43 51 44
44 52 45
45 53 46
46 54 47
47 55 48
49 57 50
50 58 51
51 59 52
52 60 53
53 61 54
54 62 55
55 63 56
10 2 9
11 3 10
12 4 11
13 5 12
14 6 13
15 7 14
16 8 15
18 10 17
19 11 18
20 12 19
21 13 20
22 14 21
23 15 22
24 16 23
26 18 25
27 19 26
28 20 27
29 21 28
30 22 29
31 23 30
32 24 31
34 26 33
35 27 34
36 28 35
37 29 36
38 30 37
39 31 38
40 32 39
42 34 41
43 35 42
44 36 43
45 37 44
46 38 45
47 39 46
48 40 47
50 42 49
51 43 50
52 44 51
53 45 52
54 46 53
55 47 54
56 48 55
58 50 57
59 51 58
60 52 59
61 53 60
62 54 61
63 55 62
64 56 63
