1 8 2
2 9 3
3 10 4
4 11 5
5 12 6
6 13 7
8 15 9
9 16 10
10 17 11
11 18 12
12 19 13
13 20 14
15 22 16
16 23 17
17 24 18
18 25 19
19 26 20
20 27 21
22 29 23
23 30 24
24 31 25
25 32 26
26 33 27
27 34 28
29 36 30
30 37 31
31 38 32
32 39 33
33 40 34
34 41 35
36 43 37
37 44 38
38 45 39
39 46 40
40 47 41
41 48 42
9 2 8
10 3 9
11 4 10
12 5 11
13 6 12
14 7 13
16 9 15
17 10 16
18 11 17
19 12 18
20 13 19
21 14 20
23 16 22
24 17 23
25 18 24
26 19 25
27 20 26
28 21 27
30 23 29
31 24 30
32 25 31
33 26 32
34 27 33
35 28 34
37 30 36
38 31 37
39 32 38
40 33 39
41 34 40
42 35 41
44 37 43
45 38 44
46 39 45
47 40 46
48 41 47
49 42 48
