1 10 2
2 11 3
3 12 4
4 13 5
5 14 6
6 15 7
7 16 8
8 17 9
10 19 11
11 20 12
12 21 13
13 22 14
14 23 15
15 24 16
16 25 17
17 26 18
19 28 20
20 29 21
21 30 22
22 31 23
23 32 24
24 33 25
25 34 26
26 35 27
28 37 29
29 38 30
30 39 31
31 40 32
32 41 33
33 42 34
34 43 35
35 44 36
37 46 38
38 47 39
39 48 40
40 49 41
41 50 42
42 51 43
43 52 44
44 53 45
46 55 47
47 56 48
48 57 49
49 58 50
50 59 51
51 60 52
52 61 53
53 62 54
55 64 56
56 65 57
57 66 58
58 67 59
59 68 60
60 69 61
61 70 62
62 71 63
64 73 65
65 74 66
66 75 67
67 76 68
68 77 69
69 78 70
70 79 71
71 80 72
11 2 10
12 3 11
13 4 12
14 5 13
15 6 14
16 7 15
17 8 16
18 9 17
20 11 19
21 12 20
22 13 21
23 14 22
24 15 23
25 16 24
26 17 25
27 18 26
29 20 28
30 21 29
31 22 30
32 23 31
33 24 32
34 25 33
35 26 34
36 27 35
38 29 37
39 30 38
40 31 39
41 32 40
42 33 41
43 34 42
44 35 43
45 36 44
47 38 46
48 39 47
49 40 48
50 41 49
51 42 50
52 43 51
53 44 52
54 45 53
56 47 55
57 48 56
58 49 57
59 50 58
60 51 59
61 52 60
62 53 61
63 54 62
65 56 64
66 57 65
67 58 66
68 59 67
69 60 68
70 61 69
71 62 70
72 63 71
74 65 73
75 66 74
76 67 75
77 68 76
78 69 77
79 70 78
80 71 79
81 72 80
