1 10 2
2 11 3
3 12 4
4 13 5
5 14 6
6 15 7
7 16 8
8 17 9
10 18 11
11 19 12
12 20 13
13 21 14
14 22 15
15 23 16
16 24 17
18 25 19
19 26 20
20 27 21
21 28 22
22 29 23
23 30 24
25 31 26
26 32 27
27 33 28
28 34 29
29 35 30
31 36 32
32 37 33
33 38 34
34 39 35
36 40 37
37 41 38
38 42 39
40 43 41
41 44 42
43 45 44
11 2 10
12 3 11
13 4 12
14 5 13
15 6 14
16 7 15
17 8 16
19 11 18
20 12 19
21 13 20
22 14 21
23 15 22
24 16 23
26 19 25
27 20 26
28 21 27
29 22 28
30 23 29
32 26 31
33 27 32
34 28 33
35 29 34
37 32 36
38 33 37
39 34 38
41 37 40
42 38 41
44 41 43
