1 17 2
2 18 3
3 19 4
4 20 5
5 21 6
6 22 7
7 23 8
8 24 9
9 25 10
10 26 11
11 27 12
12 28 13
13 29 14
14 30 15
15 31 16
17 32 18
18 33 19
19 34 20
20 35 21
21 36 22
22 37 23
23 38 24
24 39 25
25 40 26
26 41 27
27 42 28
28 43 29
29 44 30
30 45 31
32 46 33
33 47 34
34 48 35
35 49 36
36 50 37
37 51 38
38 52 39
39 53 40
40 54 41
41 55 42
42 56 43
43 57 44
44 58 45
46 59 47
47 60 48
48 61 49
49 62 50
50 63 51
51 64 52
52 65 53
53 66 54
54 67 55
55 68 56
56 69 57
57 70 58
59 71 60
60 72 61
61 73 62
62 74 63
63 75 64
64 76 65
65 77 66
66 78 67
67 79 68
68 80 69
69 81 70
71 82 72
72 83 73
73 84 74
74 85 75
75 86 76
76 87 77
77 88 78
78 89 79
79 90 80
80 91 81
82 92 83
83 93 84
84 94 85
85 95 86
86 96 87
87 97 88
88 98 89
89 99 90
90 100 91
92 101 93
93 102 94
94 103 95
95 104 96
96 105 97
97 106 98
98 107 99
99 108 100
101 109 102
102 110 103
103 111 104
104 112 105
105 113 106
106 114 107
107 115 108
109 116 110
110 117 111
111 118 112
112 119 113
113 120 114
114 121 115
116 122 117
117 123 118
118 124 119
119 125 120
120 126 121
122 127 123
123 128 124
124 129 125
125 130 126
127 131 128
128 132 129
129 133 130
131 134 132
132 135 133
134 136 135
18 2 17
19 3 18
20 4 19
21 5 20
22 6 21
23 7 22
24 8 23
25 9 24
26 10 25
27 11 26
28 12 27
29 13 28
30 14 29
31 15 30
33 18 32
34 19 33
35 20 34
36 21 35
37 22 36
38 23 37
39 24 38
40 25 39
41 26 40
42 27 41
43 28 42
44 29 43
45 30 44
47 33 46
48 34 47
49 35 48
50 36 49
51 37 50
52 38 51
53 39 52
54 40 53
55 41 54
56 42 55
57 43 56
58 44 57
60 47 59
61 48 60
62 49 61
63 50 62
64 51 63
65 52 64
66 53 65
67 54 66
68 55 67
69 56 68
70 57 69
72 60 71
73 61 72
74 62 73
75 63 74
76 64 75
77 65 76
78 66 77
79 67 78
80 68 79
81 69 80
83 72 82
84 73 83
85 74 84
86 75 85
87 76 86
88 77 87
89 78 88
90 79 89
91 80 90
93 83 92
94 84 93
95 85 94
96 86 95
97 87 96
98 88 97
99 89 98
100 90 99
102 93 101
103 94 102
104 95 103
105 96 104
106 97 105
107 98 106
108 99 107
110 102 109
111 103 110
112 104 111
113 105 112
114 106 113
115 107 114
117 110 116
118 111 117
119 112 118
120 113 119
121 114 120
123 117 122
124 118 123
125 119 124
126 120 125
128 123 127
129 124 128
130 125 129
132 128 131
133 129 132
135 132 134
